 tc_split: T
 scale_visc: T
 e0:   3.7700000000000000E-004
 viscosity:   6.0000000000000000E-011
 kappa:   9.9999999999999998E-020
 Q:   1.0000000000000000E-003
 dt:   60.000000000000000     
 a0:  -9.9999999999999995E-007
